time_end: 1723681901.5258973
time_sampled: 1723673933.3794315
