time_end: 1723624804.8289723
time_sampled: 1723615328.0357583
