time_end: 1723406003.7717612
time_sampled: 1723391851.1339147
