time_end: 1723416561.6890259
time_sampled: 1723366623.4061112
