time_end: 1724586193.7580986
time_sampled: 1724552477.9850938
