time_end: 1724518248.404045
time_sampled: 1724505806.987955
