time_end: 1723722149.009124
time_sampled: 1723718647.0884888
