info_dict:
  total_mae_for_set: 0.041043473411075684
  training_error: 2.02624809217977
loss: 1.1936147212982178
