time_end: 1724420046.407501
time_sampled: 1724409523.6379735
