time_end: 1724503777.0551574
time_sampled: 1724434886.8861413
