time_end: 1723409996.5612965
time_sampled: 1723408100.3367178
