info_dict:
  total_mae_for_set: 0.0414602113728514
  training_error: 2.0437847395737965
loss: 1.196792721748352
