time_end: 1724434798.0721729
time_sampled: 1724423306.2890708
