time_end: 1724404244.8025072
time_sampled: 1724403272.9994645
