time_end: 1724634815.1898327
time_sampled: 1724573772.0719934
