time_end: 1724526453.57102
time_sampled: 1724493755.5598373
