time_end: 1724642308.5715547
time_sampled: 1724633892.5336087
