time_end: 1724499431.5179543
time_sampled: 1724498078.5900602
