time_end: 1723409337.4454925
time_sampled: 1723401361.4887502
