time_end: 1723419067.1915655
time_sampled: 1723415305.845168
