time_end: 1723368951.5239737
time_sampled: 1723362870.4712436
