info_dict:
  total_mae_for_set: 0.048084443010119216
  training_error: 2.022898545136323
loss: 1.2218328714370728
