time_end: 1724543753.7883189
time_sampled: 1724530985.2905245
