time_end: 1724521124.9313416
time_sampled: 1724507858.8288481
