time_end: 1723385317.5557392
time_sampled: 1723368951.5821679
