time_end: 1723566452.3085673
time_sampled: 1723563572.3309782
