time_end: 1724800387.648839
time_sampled: 1724689777.6186278
