time_end: 1723657824.698436
time_sampled: 1723655766.03112
