time_end: 1723538846.4686565
time_sampled: 1723537768.0364857
