time_end: 1724529173.6042383
time_sampled: 1724522075.5324528
