time_end: 1724671962.6312299
time_sampled: 1724651604.0905485
