info_dict:
  total_mae_for_set: 0.04227703672979623
  training_error: 2.0460375420590666
loss: 1.2057405710220337
