time_end: 1724580901.1545208
time_sampled: 1724529173.821361
