time_end: 1724623204.287141
time_sampled: 1724620719.1022859
