time_end: 1723606240.5024939
time_sampled: 1723593514.2921493
