time_end: 1723434457.5699213
time_sampled: 1723416561.8381608
