time_end: 1724565189.2275548
time_sampled: 1724526388.609342
