time_end: 1724519471.0946686
time_sampled: 1724491932.0539372
