time_end: 1724661263.4525676
time_sampled: 1724642308.9526627
