time_end: 1724659032.6203117
time_sampled: 1724616184.2127788
