time_end: 1723633892.2381845
time_sampled: 1723623758.7144175
