time_end: 1724596993.6862466
time_sampled: 1724586196.9910305
