time_end: 1724573771.7610834
time_sampled: 1724568893.4783745
