time_end: 1724502255.1499057
time_sampled: 1724487166.8249838
