time_end: 1723658634.0963006
time_sampled: 1723654151.7929385
