time_end: 1723362870.4081073
time_sampled: 1723361799.1273034
