time_end: 1723546690.9415529
time_sampled: 1723540662.2211287
