time_end: 1723593514.1787574
time_sampled: 1723579517.0546043
