info_dict:
  total_mae_for_set: 0.04784570908130025
  training_error: 2.0325059089809656
loss: 1.2337530851364136
