time_end: 1723671912.448098
time_sampled: 1723658634.4200394
