time_end: 1723554921.8809936
time_sampled: 1723456884.3332567
