time_end: 1723626396.1166759
time_sampled: 1723613845.8909717
