time_end: 1723655762.3351016
time_sampled: 1723655147.8843856
