time_end: 1724505806.768622
time_sampled: 1724500881.7388968
