time_end: 1724443821.073696
time_sampled: 1724426771.4634001
