time_end: 1724675130.1069067
time_sampled: 1724640128.5202537
