time_end: 1724437390.5939937
time_sampled: 1724434996.070274
