time_end: 1724522075.3217695
time_sampled: 1724518248.5669026
