time_end: 1724692010.8094137
time_sampled: 1724674027.4600904
