time_end: 1724488969.9876056
time_sampled: 1724484758.795012
