time_end: 1724605527.8117268
time_sampled: 1724602677.7803266
