time_end: 1723376921.329896
time_sampled: 1723370432.9732835
