time_end: 1724620665.2384732
time_sampled: 1724614460.430545
