time_end: 1724550781.6384144
time_sampled: 1724549704.701827
