time_end: 1724599477.3217578
time_sampled: 1724597857.6253448
