time_end: 1723456884.0669374
time_sampled: 1723441081.5302172
