time_end: 1724502210.8274207
time_sampled: 1724492485.0700588
