time_end: 1723652110.0427067
time_sampled: 1723650896.0876234
