info_dict:
  total_mae_for_set: 0.04757794631099251
  training_error: 2.0795082835590137
loss: 1.2415388822555542
