time_end: 1724662759.9762902
time_sampled: 1724644632.259389
