time_end: 1723361799.1013956
time_sampled: 1723360921.5885882
