time_end: 1724398207.2087872
time_sampled: 1724397426.1051867
