time_end: 1724514854.5213652
time_sampled: 1724488970.1306775
