time_end: 1724635674.474115
time_sampled: 1724634808.2154443
