time_end: 1724547824.0121439
time_sampled: 1724503777.3533409
