time_end: 1724693118.38114
time_sampled: 1724682333.3147194
