time_end: 1723610990.5880568
time_sampled: 1723609573.751896
