time_end: 1724636352.2648845
time_sampled: 1724608292.1341052
