time_end: 1724651600.0264988
time_sampled: 1724641678.2782478
