time_end: 1723401361.3712573
time_sampled: 1723382061.7422502
