info_dict:
  total_mae_for_set: 0.05186293578458553
  training_error: 2.0261922597885134
loss: 1.2498779296875
