time_end: 1724428367.0444863
time_sampled: 1724407060.0718982
