time_end: 1724450846.175376
time_sampled: 1724435864.3656807
