time_end: 1723563570.4343886
time_sampled: 1723554928.3008265
