info_dict:
  total_mae_for_set: 0.04036107362853479
  training_error: 2.0424229878645677
loss: 1.2037041187286377
