time_end: 1724689777.1361337
time_sampled: 1724652760.5987551
