time_end: 1724435999.362933
time_sampled: 1724430910.3349082
