time_end: 1724484758.7486844
time_sampled: 1724482253.3595467
