time_end: 1724426771.3305264
time_sampled: 1724404244.8795033
