time_end: 1724406103.4412148
time_sampled: 1724399262.6870413
