time_end: 1724549704.4982836
time_sampled: 1724543754.0545166
