time_end: 1723623758.4927442
time_sampled: 1723620551.2708707
