time_end: 1724536194.2693937
time_sampled: 1724527143.9254441
