time_end: 1724620718.6228967
time_sampled: 1724547824.8696973
