time_end: 1724768689.4830563
time_sampled: 1724620669.3721318
