time_end: 1724734518.8080983
time_sampled: 1724690371.315018
