time_end: 1723623047.9771173
time_sampled: 1723617685.295372
