info_dict:
  total_mae_for_set: 0.03686139797615747
  training_error: 2.022166811131142
loss: 1.1798418760299683
