time_end: 1724672109.1764143
time_sampled: 1724670438.1455617
