time_end: 1724629483.8754847
time_sampled: 1724623208.0393715
