time_end: 1724593829.5548894
time_sampled: 1724592205.5991824
