time_end: 1724399262.5514612
time_sampled: 1724397954.928161
