time_end: 1723527272.3009825
time_sampled: 1723439538.2672417
