info_dict:
  total_mae_for_set: 0.048424239109717215
  training_error: 2.0160679863049435
loss: 1.2350223064422607
