time_end: 1723421643.839472
time_sampled: 1723419067.289848
