time_end: 1724481966.2986348
time_sampled: 1724481140.3268151
