time_end: 1724526388.3482933
time_sampled: 1724521441.5394452
