time_end: 1723561445.1152644
time_sampled: 1723546691.1100485
