time_end: 1724537638.4464986
time_sampled: 1724526453.8543136
