time_end: 1723654151.5529878
time_sampled: 1723653403.8679316
