time_end: 1724478773.3893805
time_sampled: 1724471537.0028403
