time_end: 1723612995.4903374
time_sampled: 1723566452.4664538
