info_dict:
  total_mae_for_set: 0.04961825530219018
  training_error: 2.0391878154542713
loss: 1.2415306568145752
