time_end: 1724507858.6594577
time_sampled: 1724502211.0663655
