time_end: 1724489547.4120028
time_sampled: 1724486727.7852063
