time_end: 1723620551.0814884
time_sampled: 1723615659.1195788
