time_end: 1723415305.671763
time_sampled: 1723409337.5606546
