time_end: 1724407070.7588172
time_sampled: 1724400733.8576992
