time_end: 1724608291.7893002
time_sampled: 1724598787.2562125
