time_end: 1723382061.6888487
time_sampled: 1723376921.3488796
