time_end: 1723645332.940882
time_sampled: 1723634168.3354237
