time_end: 1724652759.9808545
time_sampled: 1724638734.1120005
