time_end: 1724602677.4839346
time_sampled: 1724582185.2178519
