time_end: 1723360921.559122
time_sampled: 1723358833.8070545
