time_end: 1723350436.0934627
time_sampled: 1723347703.8518727
