time_end: 1723607724.9001014
time_sampled: 1723606245.0887773
