time_end: 1724491931.7624116
time_sampled: 1724428367.2994463
