time_end: 1724682332.8816543
time_sampled: 1724675130.8710546
