time_end: 1723724397.262892
time_sampled: 1723722946.6277273
