time_end: 1724595550.0055704
time_sampled: 1724593829.625555
