time_end: 1724641674.26609
time_sampled: 1724635678.3746908
