time_end: 1724476558.5856984
time_sampled: 1724475615.499166
