time_end: 1724430296.941213
time_sampled: 1724429747.4392426
