time_end: 1724668841.607981
time_sampled: 1724662760.6699362
