time_end: 1724530983.878534
time_sampled: 1724523897.9645486
