time_end: 1723547708.8570395
time_sampled: 1723546358.1517766
