time_end: 1723408100.295287
time_sampled: 1723406003.8549619
