info_dict:
  total_mae_for_set: 0.04700287635153867
  training_error: 2.0590674631179327
loss: 1.2356810569763184
