time_end: 1723604644.2017703
time_sampled: 1723579248.9282699
