info_dict:
  total_mae_for_set: 0.04945225862905461
  training_error: 2.034476720369779
loss: 1.2383171319961548
