time_end: 1724562014.9144082
time_sampled: 1724556285.163082
