time_end: 1723655142.7277358
time_sampled: 1723626396.4813457
