info_dict:
  total_mae_for_set: 0.04910134590726365
  training_error: 2.0446470920429674
loss: 1.2261942625045776
