time_end: 1724472715.1898568
time_sampled: 1724443821.2656066
