time_end: 1723673933.1688943
time_sampled: 1723670768.795381
