time_end: 1724545263.8027573
time_sampled: 1724542995.4978359
