time_end: 1724498078.3968523
time_sampled: 1724489547.589158
