time_end: 1724603147.1020324
time_sampled: 1724599477.558834
