time_end: 1724540363.4925027
time_sampled: 1724495323.2203212
