time_end: 1723692220.1612258
time_sampled: 1723676423.2010157
