time_end: 1723437928.9229238
time_sampled: 1723426806.0823495
