time_end: 1724408615.3907874
time_sampled: 1724400708.2309783
