time_end: 1724572895.8396227
time_sampled: 1724562015.1564457
