time_end: 1724634804.3169827
time_sampled: 1724629487.8555224
