time_end: 1723676422.9731197
time_sampled: 1723673313.5363612
