time_end: 1723370432.867094
time_sampled: 1723362655.7105596
