time_end: 1724638733.644555
time_sampled: 1724636352.7192357
