time_end: 1724450057.633102
time_sampled: 1724435999.457354
