time_end: 1724699485.5443447
time_sampled: 1724688043.6056166
