time_end: 1724495322.9282215
time_sampled: 1724450846.3428721
