time_end: 1723617685.0480947
time_sampled: 1723612995.7281666
