info_dict:
  total_mae_for_set: 0.04454845829290269
  training_error: 2.0523591069614184
loss: 1.2190442085266113
