time_end: 1723358833.7928848
time_sampled: 1723357178.7174306
