time_end: 1724407060.0093794
time_sampled: 1724403735.2324746
