time_end: 1724614456.5534823
time_sampled: 1724534929.5997727
