time_end: 1723613845.7259674
time_sampled: 1723610990.7520373
