info_dict:
  total_mae_for_set: 0.04133163380232881
  training_error: 2.0408190906047823
loss: 1.2004417181015015
