time_end: 1724552759.694271
time_sampled: 1724545264.0314589
