time_end: 1723722946.5165684
time_sampled: 1723722149.2391055
