info_dict:
  total_mae_for_set: 0.06368842268505684
  training_error: 2.1140157079696653
loss: 1.3331918716430664
