time_end: 1724400708.1451652
time_sampled: 1724397371.2955663
