time_end: 1724633892.1090424
time_sampled: 1724603147.331115
