time_end: 1723565724.47894
time_sampled: 1723547708.9894617
