time_end: 1723544877.0465586
time_sampled: 1723538846.5017056
