info_dict:
  total_mae_for_set: 0.04279969936928195
  training_error: 2.060186560839823
loss: 1.2239463329315186
