time_end: 1724428947.9793777
time_sampled: 1724408615.481466
