time_end: 1723537767.8239644
time_sampled: 1723496123.6387944
