time_end: 1723650895.9409482
time_sampled: 1723648278.722968
