info_dict:
  total_mae_for_set: 0.047506671056279454
  training_error: 2.0506316339760495
loss: 1.2292219400405884
