time_end: 1723615325.355527
time_sampled: 1723606447.2476978
