info_dict:
  total_mae_for_set: 0.04446146923516773
  training_error: 2.060690685113271
loss: 1.2321207523345947
