time_end: 1724429747.4041944
time_sampled: 1724428948.1064103
