time_end: 1724640128.1116312
time_sampled: 1724636489.6716006
