time_end: 1723546358.111173
time_sampled: 1723544877.213997
