time_end: 1724690366.0116673
time_sampled: 1724673951.0024362
