time_end: 1723612136.7970366
time_sampled: 1723609791.4235034
