time_end: 1723713201.9605188
time_sampled: 1723681901.7318864
