time_end: 1723420254.0264285
time_sampled: 1723418472.1736171
