time_end: 1723648278.6397867
time_sampled: 1723645359.0673084
