time_end: 1724423306.1425366
time_sampled: 1724407070.8171492
