time_end: 1724601819.8733218
time_sampled: 1724580901.4512348
