time_end: 1724673947.4553542
time_sampled: 1724672110.1251388
