time_end: 1723634168.1298103
time_sampled: 1723623066.1882062
