time_end: 1724539260.5516412
time_sampled: 1724537638.68318
