time_end: 1723540662.1791925
time_sampled: 1723539392.6643307
