info_dict:
  total_mae_for_set: 0.05171132086914333
  training_error: 2.0714762443071835
loss: 1.2738111019134521
