time_end: 1724443944.8715003
time_sampled: 1724437390.6760404
