time_end: 1724549192.231157
time_sampled: 1724540363.856045
