time_end: 1724475615.3993232
time_sampled: 1724450057.764161
