time_end: 1724434886.7375364
time_sampled: 1724411785.0631366
