time_end: 1724486727.6414452
time_sampled: 1724476558.6304624
