time_end: 1723443464.7122378
time_sampled: 1723425830.7307246
