time_end: 1724482253.2075214
time_sampled: 1724466818.5786877
