time_end: 1724466815.0141528
time_sampled: 1724436650.2583642
