time_end: 1723539392.5101469
time_sampled: 1723532288.0117052
