time_end: 1724622855.1055698
time_sampled: 1724620735.9124002
