time_end: 1724435864.2537143
time_sampled: 1724434798.252602
