time_end: 1724635260.744689
time_sampled: 1724622855.2171195
