time_end: 1723355941.9292462
time_sampled: 1723350436.120426
