time_end: 1723496123.4376693
time_sampled: 1723443464.8661432
