time_end: 1723532287.9349384
time_sampled: 1723530214.2365892
