info_dict:
  total_mae_for_set: 0.04735870572844469
  training_error: 2.0750182379375803
loss: 1.249428153038025
