time_end: 1723357178.7049804
time_sampled: 1723355941.942428
