time_end: 1723571190.3872433
time_sampled: 1723565724.690885
