time_end: 1723718646.7838316
time_sampled: 1723679221.46851
