time_end: 1724616183.874731
time_sampled: 1724601820.1703377
