time_end: 1724598787.1643896
time_sampled: 1724598069.6253302
