time_end: 1723439538.1341615
time_sampled: 1723434457.7949867
