time_end: 1724688010.873104
time_sampled: 1724673011.6252048
