time_end: 1724471536.8273711
time_sampled: 1724420046.5262742
