time_end: 1724642218.3402417
time_sampled: 1724635261.0231636
