time_end: 1723415951.4861424
time_sampled: 1723409996.6527956
