time_end: 1724487166.6583314
time_sampled: 1724478773.515907
