time_end: 1723609568.2121816
time_sampled: 1723608674.078256
