time_end: 1724582184.9446657
time_sampled: 1724559636.3219635
