time_end: 1724491436.4653738
time_sampled: 1724472715.3408713
