time_end: 1724542995.2169142
time_sampled: 1724539260.6467683
