time_end: 1724561843.282096
time_sampled: 1724536194.4881127
