time_end: 1723679221.2963097
time_sampled: 1723671912.66173
