info_dict:
  total_mae_for_set: 0.04874702184987524
  training_error: 2.0384863301327356
loss: 1.2330896854400635
