time_end: 1724746402.6061082
time_sampled: 1724572896.136888
