time_end: 1723661081.3626146
time_sampled: 1723657824.838915
