time_end: 1723608644.5621057
time_sampled: 1723607725.0643191
