time_end: 1724609520.1503446
time_sampled: 1724600706.466907
