time_end: 1723606447.0995502
time_sampled: 1723604644.4959693
