time_end: 1724523897.8012214
time_sampled: 1724521125.1552486
