time_end: 1724568890.9034386
time_sampled: 1724561843.5868046
