time_end: 1724673002.1370666
time_sampled: 1724671963.0977032
