time_end: 1724400733.8168101
time_sampled: 1724398207.2640057
