time_end: 1723426805.9182792
time_sampled: 1723421643.958189
