info_dict:
  total_mae_for_set: 0.05132968446770169
  training_error: 2.0439803560574847
loss: 1.2366697788238525
