time_end: 1724552477.731187
time_sampled: 1724549192.538415
