time_end: 1723441081.441853
time_sampled: 1723437929.259423
