info_dict:
  total_mae_for_set: 0.04740812136124203
  training_error: 2.0798985722624224
loss: 1.2488174438476562
