time_end: 1723416856.4230986
time_sampled: 1723415951.5727718
