info_dict:
  total_mae_for_set: 0.04802980749237593
  training_error: 2.089231358634101
loss: 1.239904522895813
