time_end: 1723615658.887111
time_sampled: 1723612136.9714632
