info_dict:
  total_mae_for_set: 0.08516109084765733
  training_error: 2.1552557150522866
loss: 1.4380322694778442
