time_end: 1723670763.6235106
time_sampled: 1723624807.8906462
