time_end: 1724527143.617156
time_sampled: 1724502255.3600876
