time_end: 1724559636.1098351
time_sampled: 1724550781.7165196
