time_end: 1724671167.639203
time_sampled: 1724659033.101898
