time_end: 1724636489.386484
time_sampled: 1724634815.6628087
