time_end: 1724688389.4289181
time_sampled: 1724673691.8879995
