time_end: 1724597857.4075837
time_sampled: 1724595550.0768642
