time_end: 1724673690.5021365
time_sampled: 1724671168.2400315
