time_end: 1723391851.077469
time_sampled: 1723385317.6718087
