info_dict:
  total_mae_for_set: 0.04620041650783199
  training_error: 2.0575789867662917
loss: 1.244825839996338
