time_end: 1724500881.6972215
time_sampled: 1724499431.5744116
