time_end: 1724670334.1227095
time_sampled: 1724668841.7673361
