time_end: 1724521441.345122
time_sampled: 1724519471.3642497
