time_end: 1724726309.543646
time_sampled: 1724642218.6991496
