time_end: 1724620735.6136756
time_sampled: 1724605528.0825827
