time_end: 1724493755.420194
time_sampled: 1724491436.691345
