time_end: 1724674026.8228238
time_sampled: 1724670334.3282027
