time_end: 1723579516.9073706
time_sampled: 1723571190.5534627
