info_dict:
  total_mae_for_set: 0.04850452462226227
  training_error: 2.0531922578811646
loss: 1.2359404563903809
