time_end: 1724430910.3106012
time_sampled: 1724430296.965406
