time_end: 1723418472.1476662
time_sampled: 1723416856.5575001
