info_dict:
  total_mae_for_set: 0.04608884417452176
  training_error: 2.0643660072552956
loss: 1.2314691543579102
