time_end: 1724670437.4913387
time_sampled: 1724661263.9041884
