time_end: 1724411784.9350884
time_sampled: 1724406103.5262754
