time_end: 1724598069.355727
time_sampled: 1724596994.0067985
