time_end: 1724588843.4290326
time_sampled: 1724565189.7039135
