time_end: 1724644631.7691576
time_sampled: 1724609520.516153
