time_end: 1724492484.864116
time_sampled: 1724481966.3352773
