time_end: 1723530214.1992836
time_sampled: 1723527272.7360954
