time_end: 1723653403.774574
time_sampled: 1723652110.3091145
