time_end: 1724556284.9510436
time_sampled: 1724552759.9642487
