time_end: 1724436646.1355581
time_sampled: 1724435113.8228009
