time_end: 1724592204.2525928
time_sampled: 1724514858.0072913
