time_end: 1723579248.744621
time_sampled: 1723561445.3362904
