time_end: 1723347703.8023694
time_sampled: 1723346495.7616932
