time_end: 1723362655.3618646
time_sampled: 1723345692.2298265
