info_dict:
  total_mae_for_set: 0.04515152286352925
  training_error: 2.016034462478723
loss: 1.2218470573425293
