time_end: 1724481140.1659977
time_sampled: 1724443944.9611764
