time_end: 1724600706.1030931
time_sampled: 1724588843.8249736
